Some((
    red: 0.5529412,
    green: 0.6313726,
    blue: 0.0039215684,
))