Some((
    red: 0.99215686,
    green: 0.9647059,
    blue: 0.8901961,
    alpha: 1.0,
))