Some((
    red: 0.95686275,
    green: 0.9411765,
    blue: 0.8509804,
))