Some((
    red: 0.36078432,
    green: 0.41568628,
    blue: 0.44705883,
))