Some((
    red: 0.20392157,
    green: 0.24705882,
    blue: 0.26666668,
))